VITE_APP_ENV=production
VITE_LATITUDE=40.101450
VITE_LONGITUDE=-75.028720
VITE_ADMIN_MAIL_LOCAL=kishan@eligocs.com
VITE_SMTP_TOKEN_LOCAL=a1e059b6-18b0-45e7-ae38-ac4496112db7
VITE_MAIL_API_LOCAL=1644CF1B7DB5DA8F33640C8D5EEECAD20705D916116520728045EB6578FA5470213393E3B65B1CE498B7D5307AC27395
VITE_ADMIN_MAIL=23734subway@gmail.com
VITE_MAIL_API=07AA747BF64FF7C4DF5B334EEA62C8124D60912D227F746F472E9F4232E9D2812D50904907D364D751451F79E98B915B
VITE_LIVE_SMTP_TOKEN=75f2bbdb-e110-4d76-bbc5-b89da4b7e533
